15.09.2024
1 Taylor Swift 89,922,327,805
2 Drake 79,098,827,063
3 Bad Bunny 74,933,640,865
4 The Weeknd 60,870,616,843
5 Ed Sheeran 49,555,974,785
6 Ariana Grande 47,229,760,033
7 Eminem 45,262,208,711
8 Justin Bieber 43,991,439,464
9 Post Malone 41,505,143,563
10 Kanye West 41,345,150,893
11 BTS 39,800,183,024
12 Billie Eilish 39,030,795,294
13 Rihanna 33,958,137,142
14 Coldplay 33,793,132,094
15 Travis Scott 33,628,365,275
16 J Balvin 33,504,578,689
17 Dua Lipa 32,755,103,672
18 Imagine Dragons 31,714,348,778
19 Juice WRLD 31,485,356,105
20 XXXTENTACION 29,778,164,573
21 David Guetta 28,955,934,310
22 Kendrick Lamar 28,872,150,315
23 Ozuna 28,806,579,162
24 Bruno Mars 28,395,259,014
25 Maroon 5 27,459,095,399
26 Khalid 26,630,437,907
27 Lana Del Rey 26,115,433,529
28 Calvin Harris 25,488,046,414
29 KAROL G 25,353,033,346
30 Shawn Mendes 24,497,005,122
31 Beyoncé 24,458,514,467
32 Sam Smith 23,926,198,707
33 Queen 23,359,682,550
34 Harry Styles 22,792,093,786
35 Lady Gaga 22,719,267,603
36 Future 22,514,798,215
37 Rauw Alejandro 22,491,383,994
38 One Direction 22,083,899,124
39 Adele 21,957,531,109
40 J. Cole 21,882,280,528
41 Daddy Yankee 21,789,146,882
42 Anuel AA 21,778,710,468
43 Nicki Minaj 21,668,880,166
44 Chris Brown 21,442,606,473
45 Shakira 20,934,884,198
46 Metro Boomin 20,858,798,510
47 SZA 20,602,854,676
48 Linkin Park 20,310,975,720
49 Arctic Monkeys 20,133,402,892
50 The Beatles 20,067,776,869
51 Doja Cat 19,955,659,107
52 The Chainsmokers 19,374,067,187
53 Selena Gomez 19,154,573,238
54 Olivia Rodrigo 18,981,484,420
55 Katy Perry 18,837,815,934
56 Maluma 18,812,608,859
57 Marshmello 18,798,804,080
58 Sia 18,703,999,534
59 Arijit Singh 18,603,917,719
60 Lil Uzi Vert 18,569,218,382
61 21 Savage 18,363,548,702
62 Feid 17,987,840,734
63 Halsey 17,742,995,475
64 Peso Pluma 17,354,809,637
65 Twenty One Pilots 16,949,787,790
66 Miley Cyrus 16,844,811,612
67 Avicii 16,520,944,339
68 Red Hot Chili Peppers 16,077,539,173
69 Lil Baby 16,036,411,734
70 Myke Towers 15,818,264,977
71 OneRepublic 15,815,662,073
72 Kygo 15,522,562,325
73 Farruko 15,229,677,033
74 Camila Cabello 15,160,387,233
75 Pritam 15,025,119,407
76 $uicideboy$ 14,719,005,954
77 Michael Jackson 14,587,138,063
78 Tyler, The Creator 14,421,520,331
79 Pitbull 14,141,155,517
80 Junior H 14,043,668,896
81 Charlie Puth 13,936,914,297
82 Elton John 13,763,363,319
83 Morgan Wallen 13,751,619,897
84 Frank Ocean 13,723,524,347
85 Mac Miller 13,640,114,336
86 Lil Peep 13,598,167,409
87 Metallica 13,512,270,294
88 Jason Derulo 13,400,196,643
89 The Neighbourhood 13,114,804,288
90 Pop Smoke 13,033,104,585
91 Demi Lovato 12,992,137,710
92 BLACKPINK 12,987,876,086
93 Ellie Goulding 12,619,677,547
94 Alan Walker 12,601,952,995
95 AC/DC 12,582,577,313
96 James Arthur 12,559,632,813
97 DJ Snake 12,344,586,935
98 Luke Combs 12,311,450,988
99 Lil Wayne 12,291,649,655
100 Luis Miguel 12,233,988,242
101 YoungBoy Never Broke Again 12,168,135,669
102 Romeo Santos 12,095,723,776
103 DaBaby 11,827,769,230
104 Sech 11,736,003,137
105 P!nk 11,705,105,903
106 Young Thug 11,698,368,764
107 Natanael Cano 11,676,080,974
108 Lil Nas X 11,622,555,568
109 Nirvana 11,567,519,156
110 Cardi B 11,565,464,082
111 Fall Out Boy 11,494,988,412
112 Hozier 11,426,150,363
113 Martin Garrix 11,362,484,336
114 Panic! At The Disco 11,341,924,955
115 Bizarrap 11,330,933,617
116 A$AP Rocky 11,325,024,956
117 Tiësto 11,311,856,545
118 Wiz Khalifa 11,238,916,365
119 Lewis Capaldi 11,230,900,431
120 NF 11,201,718,788
121 Green Day 11,010,828,807
122 Trippie Redd 10,904,185,658
123 Bob Marley & The Wailers 10,875,881,548
124 Fleetwood Mac 10,853,343,955
125 Gunna 10,825,877,521
126 A Boogie Wit da Hoodie 10,787,415,249
127 Sebastian Yatra 10,770,462,224
128 Bebe Rexha 10,702,753,126
129 Black Eyed Peas 10,684,666,043
130 G-Eazy 10,674,700,822
131 Fuerza Regida 10,609,881,196
132 Major Lazer 10,546,948,186
133 JAY-Z 10,501,441,461
134 The Kid LAROI 10,498,176,254
135 Britney Spears 10,409,386,749
136 50 Cent 10,368,827,524
137 Tyga 10,363,406,033
138 John Mayer 10,340,339,863
139 Justin Timberlake 10,307,892,318
140 Marília Mendonça 10,300,881,716
141 Joji 10,272,222,059
142 Nicky Jam 10,252,064,983
143 Playboi Carti 10,250,617,046
144 Henrique & Juliano 10,065,784,582
145 5 Seconds of Summer 10,028,370,524
146 Lauv 10,026,325,393
147 Kodak Black 9,972,072,933
148 Carin Leon 9,953,794,692
149 Guns N' Roses 9,924,063,261
150 Pink Floyd 9,923,157,041
151 Anne-Marie 9,771,244,086
152 The Rolling Stones 9,767,906,936
153 Little Mix 9,766,111,120
154 Manuel Turizo 9,756,043,782
155 Duki 9,691,491,160
156 Logic 9,684,689,208
157 2Pac 9,677,152,847
158 Don Omar 9,649,083,970
159 Christian Nodal 9,637,299,820
160 Ava Max 9,630,401,317
161 Polo G 9,629,352,331
162 Machine Gun Kelly 9,500,773,182
163 Gorillaz 9,494,656,298
164 Radiohead 9,491,929,427
165 Banda MS de Sergio Lizárraga 9,490,919,474
166 Migos 9,385,889,135
167 DJ Khaled 9,380,048,960
168 Anitta 9,376,676,863
169 Becky G 9,369,621,982
170 Macklemore 9,334,092,289
171 Michael Bublé 9,293,954,453
172 Kid Cudi 9,278,841,626
173 Childish Gambino 9,229,549,096
174 Diplo 9,226,720,633
175 Usher 9,220,081,742
176 Flo Rida 9,204,643,852
177 Melanie Martinez 9,152,310,082
178 Mariah Carey 9,145,500,334
179 Enrique Iglesias 9,127,170,232
180 Zedd 9,107,544,323
181 Robin Schulz 9,067,564,276
182 Morat 8,975,467,757
183 Sabrina Carpenter 8,974,008,196
184 ABBA 8,825,711,316
185 TWICE 8,814,294,772
186 blackbear 8,797,617,232
187 System Of A Down 8,723,155,660
188 Tame Impala 8,691,819,465
189 Clean Bandit 8,675,636,373
190 Tory Lanez 8,643,088,152
191 Zara Larsson 8,566,560,222
192 Camilo 8,540,100,349
193 Russ 8,537,234,744
194 Quevedo 8,536,046,439
195 Tate McRae 8,491,853,087
196 Foo Fighters 8,469,928,692
197 Meghan Trainor 8,423,750,638
198 Stray Kids 8,423,352,277
199 blink-182 8,380,779,482
200 Reik 8,360,764,351
